1 0.190625 0.90390625 0.125 0.05625
1 0.6125 0.79609375 0.034375 0.0609375
1 0.49921875 0.82890625 0.0578125 0.0703125
1 0.20078125 0.81484375 0.0921875 0.0796875
1 0.075 0.8125 0.05625 0.0796875
1 0.76015625 0.93203125 0.1171875 0.13125
1 0.5734375 0.92265625 0.13125 0.103125
1 0.578125 0.8265625 0.0375 0.075
1 0.41484375 0.74609375 0.0359375 0.0375
1 0.94765625 0.8625 0.0546875 0.09609375
1 0.79609375 0.80546875 0.0453125 0.0703125
1 0.26953125 0.97734375 0.1109375 0.03984375
1 0.37109375 0.7546875 0.0484375 0.04921875
1 0.234375 0.69921875 0.03125 0.028125
1 0.86171875 0.82421875 0.0609375 0.0703125
1 0.3015625 0.7609375 0.0625 0.046875
1 0.91796875 0.73828125 0.0203125 0.03046875
1 0.5421875 0.76328125 0.05625 0.0515625
1 0.84921875 0.70546875 0.0203125 0.03046875
1 0.3828125 0.98828125 0.11875 0.01875
1 0.95390625 0.7359375 0.0328125 0.03046875
1 0.9828125 0.71328125 0.03125 0.0328125
1 0.83515625 0.96328125 0.1734375 0.06796875
1 0.3828125 0.70546875 0.025 0.02109375
1 0.57265625 0.70390625 0.0234375 0.028125
1 0.425 0.70546875 0.0125 0.02109375
1 0.72890625 0.84609375 0.0765625 0.03984375
1 0.45625 0.70625 0.028125 0.028125
1 0.48515625 0.70546875 0.0296875 0.02578125
1 0.703125 0.75234375 0.040625 0.03984375
1 0.82578125 0.75703125 0.0296875 0.03984375
1 0.13671875 0.8125 0.0515625 0.0796875
1 0.50703125 0.75234375 0.0296875 0.03515625
1 0.59140625 0.75390625 0.0359375 0.0328125
1 0.45859375 0.76171875 0.0671875 0.05390625
1 0.8984375 0.83203125 0.040625 0.07734375
1 0.140625 0.71015625 0.04375 0.03515625
1 0.36171875 0.73671875 0.0359375 0.0328125
1 0.13359375 0.75703125 0.0578125 0.06328125
1 0.940625 0.82734375 0.046875 0.06328125
1 0.596875 0.70390625 0.015625 0.0234375
1 0.32734375 0.70625 0.0234375 0.028125
1 0.8875 0.7546875 0.025 0.02578125
1 0.53359375 0.70546875 0.0265625 0.03046875
1 0.2578125 0.70546875 0.01875 0.01640625
1 0.27890625 0.70546875 0.0140625 0.02578125
1 0.94921875 0.971875 0.0671875 0.0515625
1 0.95078125 0.7125 0.0265625 0.03046875
1 0.89296875 0.70859375 0.0140625 0.028125
1 0.7421875 0.75 0.040625 0.04453125
1 0.921875 0.71328125 0.040625 0.028125
1 0.2015625 0.7546875 0.078125 0.06328125
1 0.6578125 0.97265625 0.1125 0.04921875
1 0.2734375 0.74765625 0.034375 0.03984375
1 0.65859375 0.7453125 0.0203125 0.03984375
1 0.0421875 0.72734375 0.04375 0.0375
1 0.67109375 0.7484375 0.0296875 0.0421875
1 0.5 0.909375 0.065625 0.04453125
1 0.68125 0.70625 0.021875 0.0234375
1 0.17421875 0.7203125 0.0203125 0.028125
1 0.72265625 0.7078125 0.0234375 0.02109375
1 0.78359375 0.75390625 0.0328125 0.0421875
1 0.65625 0.71015625 0.01875 0.02109375
1 0.503125 0.73359375 0.01875 0.01640625
1 0.45078125 0.95546875 0.0984375 0.084375
1 0.9171875 0.775 0.034375 0.0234375
1 0.51484375 0.70546875 0.0140625 0.02109375
1 0.0765625 0.7515625 0.05625 0.046875
1 0.00546875 0.97890625 0.0109375 0.0375
1 0.81796875 0.734375 0.0328125 0.0328125
1 0.1359375 0.98359375 0.171875 0.028125