1 0.22109375 0.54921875 0.1390625 0.140625
1 0.375 0.52578125 0.075 0.1125
1 0.6203125 0.49375 0.0625 0.07265625
1 0.16796875 0.41875 0.0421875 0.03984375
1 0.46796875 0.44609375 0.0296875 0.0375
1 0.2578125 0.41640625 0.034375 0.03046875
1 0.47890625 0.4984375 0.0703125 0.07265625
1 0.29453125 0.46484375 0.0578125 0.0703125
1 0.11015625 0.5 0.1046875 0.103125
1 0.34609375 0.425 0.0359375 0.0421875
1 0.70546875 0.48671875 0.0640625 0.06796875
1 0.10703125 0.4234375 0.0421875 0.04453125
1 0.6078125 0.4375 0.028125 0.02109375
1 0.78515625 0.46015625 0.0328125 0.0421875
1 0.84921875 0.47734375 0.0390625 0.05390625
1 0.68984375 0.44140625 0.0234375 0.0328125
1 0.9140625 0.45078125 0.021875 0.0234375
1 0.94375 0.45546875 0.028125 0.028125
1 0.8625 0.453125 0.028125 0.0328125
1 0.03828125 0.41328125 0.0453125 0.0421875
1 0.8859375 0.45078125 0.015625 0.0234375
1 0.81484375 0.48203125 0.0484375 0.05390625
1 0.98515625 0.4671875 0.0265625 0.0375
1 0.709375 0.4375 0.01875 0.01640625
1 0.740625 0.44375 0.021875 0.01875
1 0.6625 0.4296875 0.015625 0.0140625
1 0.6640625 0.44375 0.021875 0.0140625
1 0.9671875 0.45546875 0.015625 0.028125
1 0.909375 0.4234375 0.015625 0.02109375
1 0.75703125 0.43671875 0.0171875 0.01875
1 0.07265625 0.41328125 0.0296875 0.0421875
1 0.7796875 0.4203125 0.0125 0.0140625
1 0.94375 0.428125 0.009375 0.01640625
1 0.9265625 0.41640625 0.0125 0.01171875
1 0.97578125 0.425 0.0140625 0.009375
1 0.796875 0.41640625 0.009375 0.01171875
1 0.98203125 0.43984375 0.0171875 0.01640625
1 0.821875 0.41875 0.015625 0.01171875
1 0.80859375 0.4140625 0.0109375 0.01171875
1 0.0453125 0.4203125 0.028125 0.028125