1 0.784375 0.509375 0.103125 0.26328125
1 0.6078125 0.49765625 0.0875 0.2203125
1 0.88359375 0.55625 0.1140625 0.31015625
1 0.715625 0.48125 0.084375 0.25390625
1 0.48984375 0.56015625 0.1765625 0.490625
1 0.33359375 0.61171875 0.1203125 0.2515625
1 0.2546875 0.51328125 0.1375 0.3171875
1 0.046875 0.45859375 0.071875 0.14296875
1 0.31015625 0.38359375 0.0671875 0.10078125
1 0.1234375 0.4578125 0.09375 0.1546875
1 0.39375 0.5765625 0.14375 0.3359375
1 0.3109375 0.475 0.06875 0.284375
1 0.2078125 0.4328125 0.121875 0.19453125
1 0.3671875 0.4671875 0.121875 0.29609375
1 0.0078125 0.44140625 0.015625 0.0984375