1 0.36015625 0.58125 0.2703125 0.275
1 0.65625 0.353125 0.0375 0.03515625
1 0.475 0.359375 0.0625 0.0703125
1 0.778125 0.353125 0.053125 0.04921875
1 0.33125 0.3640625 0.025 0.0328125
1 0.275 0.35546875 0.03125 0.07265625
1 0.69609375 0.3671875 0.0484375 0.06328125
1 0.4203125 0.3640625 0.034375 0.028125
1 0.10625 0.36953125 0.034375 0.03046875
1 0.5703125 0.3640625 0.03125 0.0234375
1 0.13359375 0.36875 0.0203125 0.0328125
1 0.6 0.6171875 0.23125 0.25390625
1 0.29921875 0.37109375 0.0203125 0.01875
1 0.97734375 0.3859375 0.0421875 0.08671875