1 0.8828125 0.1140625 0.11875 0.159375
1 0.63984375 0.52890625 0.2640625 0.53125
1 0.27734375 0.59375 0.4703125 0.57265625
1 0.67421875 0.04609375 0.0265625 0.05078125
1 0.2609375 0.21328125 0.053125 0.034375
1 0.68046875 0.35 0.2921875 0.284375
1 0.78203125 0.04375 0.0671875 0.07890625
1 0.31796875 0.10703125 0.0171875 0.034375
1 0.05625 0.290625 0.05625 0.05078125
1 0.296875 0.1453125 0.03125 0.02734375
1 0.45625 0.07265625 0.021875 0.034375
1 0.29765625 0.11328125 0.0203125 0.03671875
1 0.14921875 0.13828125 0.0328125 0.03203125
1 0.08125 0.09609375 0.01875 0.01640625
1 0.16640625 0.0921875 0.0171875 0.0140625
1 0.1921875 0.0390625 0.0125 0.0140625
1 0.61953125 0.02421875 0.0140625 0.01171875
1 0.7109375 0.01875 0.01875 0.03671875
1 0.53515625 0.05859375 0.0234375 0.01640625
1 0.2921875 0.040625 0.015625 0.01171875
1 0.44609375 0.06015625 0.0140625 0.0234375
1 0.0078125 0.040625 0.009375 0.01171875
1 0.4796875 0.04140625 0.009375 0.009375
1 0.04140625 0.0453125 0.0140625 0.01171875
1 0.53984375 0.02578125 0.0140625 0.0140625
1 0.0984375 0.040625 0.0125 0.01171875
1 0.17421875 0.0234375 0.0140625 0.009375