1 0.9546875 0.5796875 0.071875 0.2125
1 0.6640625 0.634375 0.140625 0.26875
1 0.1734375 0.6890625 0.075 0.17421875
1 0.5109375 0.5015625 0.03125 0.09453125
1 0.5609375 0.77265625 0.071875 0.159375
1 0.03125 0.7046875 0.0625 0.13671875
1 0.7859375 0.6421875 0.0625 0.2234375
1 0.72265625 0.6609375 0.0484375 0.15546875
1 0.0984375 0.68359375 0.053125 0.20078125
1 0.37890625 0.7234375 0.1296875 0.22734375
1 0.04140625 0.4546875 0.0453125 0.07578125
1 0.871875 0.615625 0.09375 0.2234375
1 0.5625 0.428125 0.0375 0.06796875
1 0.77265625 0.59453125 0.1046875 0.1890625
1 0.57109375 0.58359375 0.0609375 0.159375
1 0.01953125 0.375 0.0171875 0.02265625
1 0.2375 0.65546875 0.06875 0.2125
1 0.11953125 0.5796875 0.0453125 0.13671875
1 0.82421875 0.44140625 0.0578125 0.11015625
1 0.66171875 0.490625 0.0421875 0.09453125
1 0.0109375 0.59453125 0.021875 0.13671875