1 0.48515625 0.7328125 0.1046875 0.3234375
1 0.87578125 0.6953125 0.1453125 0.17265625
1 0.2671875 0.72421875 0.196875 0.28046875
1 0.40078125 0.6125 0.0859375 0.38359375
1 0.14453125 0.57421875 0.2140625 0.30546875
1 0.61484375 0.64296875 0.1609375 0.3234375
1 0.246875 0.53515625 0.0875 0.16328125
1 0.11875 0.690625 0.159375 0.19296875
1 0.54609375 0.615625 0.1421875 0.38359375
1 0.32890625 0.65390625 0.1015625 0.29609375
1 0.7453125 0.68515625 0.125 0.228125
1 0.6953125 0.55390625 0.103125 0.1703125
1 0.16171875 0.71328125 0.0984375 0.21328125
1 0.246875 0.62421875 0.0875 0.340625
1 0.82109375 0.66640625 0.1296875 0.190625